(kicad_pcb (version 20171130) (host pcbnew 5.0.2-bee76a0~70~ubuntu18.04.1)

  (general
    (thickness 1.6)
    (drawings 11)
    (tracks 1362)
    (zones 0)
    (modules 74)
    (nets 104)
  )

  (page A4)
  (title_block
    (title Spectre-TX)
    (date 2017-09-23)
    (rev V0.1)
  )

  (layers
    (0 F.Cu jumper)
    (31 B.Cu signal)
    (32 B.Adhes user)
    (33 F.Adhes user)
    (34 B.Paste user)
    (35 F.Paste user)
    (36 B.SilkS user)
    (37 F.SilkS user)
    (38 B.Mask user)
    (39 F.Mask user hide)
    (40 Dwgs.User user hide)
    (41 Cmts.User user)
    (42 Eco1.User user)
    (43 Eco2.User user)
    (44 Edge.Cuts user)
    (45 Margin user)
    (46 B.CrtYd user)
    (47 F.CrtYd user)
    (48 B.Fab user hide)
    (49 F.Fab user)
  )

  (setup
    (last_trace_width 0.2)
    (trace_clearance 0.1524)
    (zone_clearance 0.249281)
    (zone_45_only no)
    (trace_min 0.1524)
    (segment_width 0.15)
    (edge_width 0.15)
    (via_size 0.6858)
    (via_drill 0.3302)
    (via_min_size 0.6858)
    (via_min_drill 0.3302)
    (uvia_size 0.762)
    (uvia_drill 0.508)
    (uvias_allowed no)
    (uvia_min_size 0)
    (uvia_min_drill 0)
    (pcb_text_width 0.3)
    (pcb_text_size 1.5 1.5)
    (mod_edge_width 0.15)
    (mod_text_size 1 1)
    (mod_text_width 0.15)
    (pad_size 0.9 0.9)
    (pad_drill 0)
    (pad_to_mask_clearance 0.0508)
    (solder_mask_min_width 0.25)
    (aux_axis_origin 0 0)
    (grid_origin 107.188 69.088)
    (visible_elements FFFFFF7F)
    (pcbplotparams
      (layerselection 0x010fc_ffffffff)
      (usegerberextensions false)
      (usegerberattributes true)
      (usegerberadvancedattributes false)
      (creategerberjobfile false)
      (excludeedgelayer false)
      (linewidth 0.100000)
      (plotframeref false)
      (viasonmask false)
      (mode 1)
      (useauxorigin true)
      (hpglpennumber 1)
      (hpglpenspeed 20)
      (hpglpendiameter 15.000000)
      (psnegative false)
      (psa4output false)
      (plotreference true)
      (plotvalue true)
      (plotinvisibletext false)
      (padsonsilk false)
      (subtractmaskfromsilk false)
      (outputformat 1)
      (mirror false)
      (drillshape 0)
      (scaleselection 1)
      (outputdirectory "gerber/"))
  )

  (net 0 "")
  (net 1 GND)
  (net 2 VBAT)
  (net 3 "Net-(BZ1-Pad1)")
  (net 4 "Net-(BZ1-Pad2)")
  (net 5 "Net-(C1-Pad1)")
  (net 6 +3V3)
  (net 7 "Net-(C8-Pad1)")
  (net 8 "Net-(C10-Pad1)")
  (net 9 VBUS)
  (net 10 "Net-(D2-Pad1)")
  (net 11 "Net-(J1-Pad1)")
  (net 12 /I2S_DATA)
  (net 13 "Net-(J4-Pad4)")
  (net 14 "Net-(J5-Pad8)")
  (net 15 /MISO)
  (net 16 "Net-(J5-Pad5)")
  (net 17 "Net-(J5-Pad3)")
  (net 18 "Net-(J5-Pad2)")
  (net 19 "Net-(J5-Pad1)")
  (net 20 /INT_ADC_CH0)
  (net 21 /EXT_ADC_CH0)
  (net 22 /EXT_ADC_CH1)
  (net 23 /EXT_ADC_CH2)
  (net 24 /EXT_ADC_CH3)
  (net 25 /EXT_ADC_CH4)
  (net 26 /EXT_ADC_CH5)
  (net 27 /EXT_ADC_CH6)
  (net 28 /EXT_ADC_CH7)
  (net 29 "Net-(L1-Pad2)")
  (net 30 "Net-(L2-Pad2)")
  (net 31 "Net-(Q2-Pad1)")
  (net 32 /GPIO_0)
  (net 33 /DTR)
  (net 34 "Net-(Q3-Pad1)")
  (net 35 /RESET)
  (net 36 "Net-(R2-Pad2)")
  (net 37 "Net-(R3-Pad1)")
  (net 38 "Net-(R6-Pad2)")
  (net 39 "Net-(J2-Pad10)")
  (net 40 "Net-(R9-Pad1)")
  (net 41 /CS_SD)
  (net 42 /MOSI)
  (net 43 /SCK)
  (net 44 /PE1)
  (net 45 /PE2)
  (net 46 /CS_A7105)
  (net 47 /CS_CC25)
  (net 48 /CS_NRF24)
  (net 49 /CS_CYRF)
  (net 50 /CYRF_RST)
  (net 51 "Net-(U2-Pad4)")
  (net 52 /TX0)
  (net 53 /RX0)
  (net 54 /CS_ADC)
  (net 55 "Net-(U3-Pad32)")
  (net 56 /NEOPIXEL)
  (net 57 /CS_TOUCH)
  (net 58 /LCD_CMD)
  (net 59 /CS_LCD)
  (net 60 "Net-(U3-Pad21)")
  (net 61 "Net-(U3-Pad20)")
  (net 62 "Net-(U3-Pad19)")
  (net 63 "Net-(U3-Pad18)")
  (net 64 "Net-(U3-Pad17)")
  (net 65 /I2S_BCLK)
  (net 66 /I2S_LRC)
  (net 67 /INT_ADC_CH3)
  (net 68 /INT_ADC_CH2)
  (net 69 /INT_ADC_CH1)
  (net 70 "Net-(U4-Pad8)")
  (net 71 "Net-(U6-Pad2)")
  (net 72 "Net-(U7-Pad2)")
  (net 73 "Net-(U7-Pad5)")
  (net 74 "Net-(U7-Pad6)")
  (net 75 "Net-(U7-Pad12)")
  (net 76 "Net-(U7-Pad13)")
  (net 77 "Net-(U8-Pad1)")
  (net 78 "Net-(U8-Pad9)")
  (net 79 "Net-(U8-Pad10)")
  (net 80 "Net-(U8-Pad11)")
  (net 81 "Net-(U8-Pad12)")
  (net 82 "Net-(U8-Pad13)")
  (net 83 "Net-(U8-Pad14)")
  (net 84 "Net-(U8-Pad15)")
  (net 85 "Net-(U8-Pad16)")
  (net 86 "Net-(U8-Pad17)")
  (net 87 "Net-(U8-Pad18)")
  (net 88 /RTS)
  (net 89 "Net-(U8-Pad22)")
  (net 90 "Net-(U8-Pad24)")
  (net 91 /TS_X+)
  (net 92 /TS_Y+)
  (net 93 /TS_X-)
  (net 94 /TS_Y-)
  (net 95 "Net-(U9-Pad8)")
  (net 96 "Net-(U9-Pad13)")
  (net 97 /D+)
  (net 98 /D-)
  (net 99 "Net-(U13-Pad10)")
  (net 100 "Net-(U13-Pad8)")
  (net 101 /TS_IRQ)
  (net 102 /IN+I2S_D)
  (net 103 "Net-(U3-Pad22)")

  (net_class Default "This is the default net class."
    (clearance 0.1524)
    (trace_width 0.2)
    (via_dia 0.6858)
    (via_drill 0.3302)
    (uvia_dia 0.762)
    (uvia_drill 0.508)
    (add_net /CS_A7105)
    (add_net /CS_ADC)
    (add_net /CS_CC25)
    (add_net /CS_CYRF)
    (add_net /CS_LCD)
    (add_net /CS_NRF24)
    (add_net /CS_SD)
    (add_net /CS_TOUCH)
    (add_net /CYRF_RST)
    (add_net /D+)
    (add_net /D-)
    (add_net /DTR)
    (add_net /EXT_ADC_CH0)
    (add_net /EXT_ADC_CH1)
    (add_net /EXT_ADC_CH2)
    (add_net /EXT_ADC_CH3)
    (add_net /EXT_ADC_CH4)
    (add_net /EXT_ADC_CH5)
    (add_net /EXT_ADC_CH6)
    (add_net /EXT_ADC_CH7)
    (add_net /GPIO_0)
    (add_net /I2S_BCLK)
    (add_net /I2S_DATA)
    (add_net /I2S_LRC)
    (add_net /IN+I2S_D)
    (add_net /INT_ADC_CH0)
    (add_net /INT_ADC_CH1)
    (add_net /INT_ADC_CH2)
    (add_net /INT_ADC_CH3)
    (add_net /LCD_CMD)
    (add_net /MISO)
    (add_net /MOSI)
    (add_net /NEOPIXEL)
    (add_net /PE1)
    (add_net /PE2)
    (add_net /RESET)
    (add_net /RTS)
    (add_net /RX0)
    (add_net /SCK)
    (add_net /TS_IRQ)
    (add_net /TS_X+)
    (add_net /TS_X-)
    (add_net /TS_Y+)
    (add_net /TS_Y-)
    (add_net /TX0)
    (add_net "Net-(C10-Pad1)")
    (add_net "Net-(C8-Pad1)")
    (add_net "Net-(J2-Pad10)")
    (add_net "Net-(J4-Pad4)")
    (add_net "Net-(J5-Pad1)")
    (add_net "Net-(J5-Pad2)")
    (add_net "Net-(J5-Pad3)")
    (add_net "Net-(J5-Pad5)")
    (add_net "Net-(J5-Pad8)")
    (add_net "Net-(L1-Pad2)")
    (add_net "Net-(L2-Pad2)")
    (add_net "Net-(Q2-Pad1)")
    (add_net "Net-(Q3-Pad1)")
    (add_net "Net-(R2-Pad2)")
    (add_net "Net-(R6-Pad2)")
    (add_net "Net-(R9-Pad1)")
    (add_net "Net-(U13-Pad10)")
    (add_net "Net-(U13-Pad8)")
    (add_net "Net-(U2-Pad4)")
    (add_net "Net-(U3-Pad17)")
    (add_net "Net-(U3-Pad18)")
    (add_net "Net-(U3-Pad19)")
    (add_net "Net-(U3-Pad20)")
    (add_net "Net-(U3-Pad21)")
    (add_net "Net-(U3-Pad22)")
    (add_net "Net-(U3-Pad32)")
    (add_net "Net-(U4-Pad8)")
    (add_net "Net-(U6-Pad2)")
    (add_net "Net-(U7-Pad12)")
    (add_net "Net-(U7-Pad13)")
    (add_net "Net-(U7-Pad2)")
    (add_net "Net-(U7-Pad5)")
    (add_net "Net-(U7-Pad6)")
    (add_net "Net-(U8-Pad1)")
    (add_net "Net-(U8-Pad10)")
    (add_net "Net-(U8-Pad11)")
    (add_net "Net-(U8-Pad12)")
    (add_net "Net-(U8-Pad13)")
    (add_net "Net-(U8-Pad14)")
    (add_net "Net-(U8-Pad15)")
    (add_net "Net-(U8-Pad16)")
    (add_net "Net-(U8-Pad17)")
    (add_net "Net-(U8-Pad18)")
    (add_net "Net-(U8-Pad22)")
    (add_net "Net-(U8-Pad24)")
    (add_net "Net-(U8-Pad9)")
    (add_net "Net-(U9-Pad13)")
    (add_net "Net-(U9-Pad8)")
  )

  (net_class POWER ""
    (clearance 0.1524)
    (trace_width 0.5)
    (via_dia 0.6858)
    (via_drill 0.3302)
    (uvia_dia 7.62)
    (uvia_drill 0.508)
    (add_net +3V3)
    (add_net GND)
    (add_net "Net-(BZ1-Pad1)")
    (add_net "Net-(BZ1-Pad2)")
    (add_net "Net-(C1-Pad1)")
    (add_net "Net-(D2-Pad1)")
    (add_net "Net-(J1-Pad1)")
    (add_net "Net-(R3-Pad1)")
    (add_net VBAT)
    (add_net VBUS)
  )

  (module Button_Switch_THT:SW_PUSH_6mm (layer F.Cu) (tedit 5A02FE31) (tstamp 5C4DF465)
    (at 140.188 112.088 180)
    (descr https://www.omron.com/ecb/products/pdf/en-b3f.pdf)
    (tags "tact sw push 6mm")
    (path /5AE2B51C)
    (fp_text reference SW1 (at 3.25 0.25 180) (layer F.SilkS)
      (effects (font (size 1 1) (thickness 0.15)))
    )
    (fp_text value SW_Push (at 3.75 6.7 180) (layer F.Fab)
      (effects (font (size 1 1) (thickness 0.15)))
    )
    (fp_text user %R (at 3.25 2.25 180) (layer F.Fab)
      (effects (font (size 1 1) (thickness 0.15)))
    )
    (fp_line (start 3.25 -0.75) (end 6.25 -0.75) (layer F.Fab) (width 0.1))
    (fp_line (start 6.25 -0.75) (end 6.25 5.25) (layer F.Fab) (width 0.1))
    (fp_line (start 6.25 5.25) (end 0.25 5.25) (layer F.Fab) (width 0.1))
    (fp_line (start 0.25 5.25) (end 0.25 -0.75) (layer F.Fab) (width 0.1))
    (fp_line (start 0.25 -0.75) (end 3.25 -0.75) (layer F.Fab) (width 0.1))
    (fp_line (start 7.75 6) (end 8 6) (layer F.CrtYd) (width 0.05))
    (fp_line (start 8 6) (end 8 5.75) (layer F.CrtYd) (width 0.05))
    (fp_line (start 7.75 -1.5) (end 8 -1.5) (layer F.CrtYd) (width 0.05))
    (fp_line (start 8 -1.5) (end 8 -1.25) (layer F.CrtYd) (width 0.05))
    (fp_line (start -1.5 -1.25) (end -1.5 -1.5) (layer F.CrtYd) (width 0.05))
    (fp_line (start -1.5 -1.5) (end -1.25 -1.5) (layer F.CrtYd) (width 0.05))
    (fp_line (start -1.5 5.75) (end -1.5 6) (layer F.CrtYd) (width 0.05))
    (fp_line (start -1.5 6) (end -1.25 6) (layer F.CrtYd) (width 0.05))
    (fp_line (start -1.25 -1.5) (end 7.75 -1.5) (layer F.CrtYd) (width 0.05))
    (fp_line (start -1.5 5.75) (end -1.5 -1.25) (layer F.CrtYd) (width 0.05))
    (fp_line (start 7.75 6) (end -1.25 6) (layer F.CrtYd) (width 0.05))
    (fp_line (start 8 -1.25) (end 8 5.75) (layer F.CrtYd) (width 0.05))
    (fp_line (start 1 5.5) (end 5.5 5.5) (layer F.SilkS) (width 0.12))
    (fp_line (start -0.25 1.5) (end -0.25 3) (layer F.SilkS) (width 0.12))
    (fp_line (start 5.5 -1) (end 1 -1) (layer F.SilkS) (width 0.12))
    (fp_line (start 6.75 3) (end 6.75 1.5) (layer F.SilkS) (width 0.12))
    (fp_circle (center 3.25 2.25) (end 1.25 2.5) (layer F.Fab) (width 0.1))
    (pad 2 thru_hole circle (at 0 4.5 270) (size 2 2) (drill 1.1) (layers *.Cu *.Mask)
      (net 35 /RESET))
    (pad 1 thru_hole circle (at 0 0 270) (size 2 2) (drill 1.1) (layers *.Cu *.Mask)
      (net 1 GND))
    (pad 2 thru_hole circle (at 6.5 4.5 270) (size 2 2) (drill 1.1) (layers *.Cu *.Mask)
      (net 35 /RESET))
    (pad 1 thru_hole circle (at 6.5 0 270) (size 2 2) (drill 1.1) (layers *.Cu *.Mask)
      (net 1 GND))
    (model ${KISYS3DMOD}/Button_Switch_THT.3dshapes/SW_PUSH_6mm.wrl
      (at (xyz 0 0 0))
      (scale (xyz 1 1 1))
      (rotate (xyz 0 0 0))
    )
  )

  (module spectre:MicroSD_C125617 (layer F.Cu) (tedit 5C37ACDA) (tstamp 5C4DD06C)
    (at 186.938 83.838 90)
    (path /5ADD156E)
    (fp_text reference J5 (at 1.5 -13.25 180) (layer F.SilkS)
      (effects (font (size 1 1) (thickness 0.15)))
    )
    (fp_text value Micro_SD_Card (at 6.5 1.4 90) (layer F.Fab)
      (effects (font (size 1 1) (thickness 0.15)))
    )
    (fp_line (start 0.5 -16.2) (end -14 -16.2) (layer F.CrtYd) (width 0.15))
    (fp_line (start 0.5 -0.2) (end 0.5 -16.2) (layer F.CrtYd) (width 0.15))
    (fp_line (start -14 -16.2) (end -14 -1.2) (layer F.CrtYd) (width 0.15))
    (fp_line (start -14 -1.1) (end -13 -1.1) (layer F.CrtYd) (width 0.15))
    (fp_line (start -13 -1.1) (end -12 -2) (layer F.CrtYd) (width 0.15))
    (fp_line (start -12 -2) (end -4 -2) (layer F.CrtYd) (width 0.15))
    (fp_line (start -4 -2) (end -4 -0.2) (layer F.CrtYd) (width 0.15))
    (fp_line (start -4 -0.2) (end 0.5 -0.2) (layer F.CrtYd) (width 0.15))
    (pad 9 smd rect (at -12.01 -15.65 90) (size 1.8 1.2) (layers F.Cu F.Paste F.Mask)
      (net 1 GND))
    (pad 1 smd rect (at -4.58 -5.78 90) (size 0.8 1.5) (layers F.Cu F.Paste F.Mask)
      (net 19 "Net-(J5-Pad1)"))
    (pad 9 smd rect (at 0 -0.95 90) (size 1.3 1.9) (layers F.Cu F.Paste F.Mask)
      (net 1 GND))
    (pad 9 smd rect (at -13.52 -1.97 90) (size 1.3 1.9) (layers F.Cu F.Paste F.Mask)
      (net 1 GND))
    (pad 9 smd rect (at -6.26 -15.65 90) (size 1.8 1.2) (layers F.Cu F.Paste F.Mask)
      (net 1 GND))
    (pad 2 smd rect (at -5.68 -6.08 90) (size 0.8 1.5) (layers F.Cu F.Paste F.Mask)
      (net 18 "Net-(J5-Pad2)"))
    (pad 3 smd rect (at -6.78 -5.78 90) (size 0.8 1.5) (layers F.Cu F.Paste F.Mask)
      (net 17 "Net-(J5-Pad3)"))
    (pad 4 smd rect (at -7.88 -5.58 90) (size 0.8 1.5) (layers F.Cu F.Paste F.Mask)
      (net 6 +3V3))
    (pad 5 smd rect (at -8.98 -5.78 90) (size 0.8 1.5) (layers F.Cu F.Paste F.Mask)
      (net 16 "Net-(J5-Pad5)"))
    (pad 6 smd rect (at -10.08 -5.58 90) (size 0.8 1.5) (layers F.Cu F.Paste F.Mask)
      (net 1 GND))
    (pad 7 smd rect (at -11.18 -5.78 90) (size 0.8 1.5) (layers F.Cu F.Paste F.Mask)
      (net 15 /MISO))
    (pad 8 smd rect (at -12.28 -5.78 90) (size 0.8 1.5) (layers F.Cu F.Paste F.Mask)
      (net 14 "Net-(J5-Pad8)"))
    (model ${KISYS3DMOD}/Connector_Card.3dshapes/microSD_HC_Hirose_DM3D-SF.step
      (offset (xyz -6.5 8.5 0.5))
      (scale (xyz 1.3 1.3 1))
      (rotate (xyz 0 0 0))
    )
  )

  (module spectre:microUSB-smd-C40939 (layer F.Cu) (tedit 5C37A6E1) (tstamp 5C424E49)
    (at 117.348 112.014)
    (path /5ADD34BD)
    (fp_text reference J4 (at -1.9 -3.8) (layer F.SilkS)
      (effects (font (size 1 1) (thickness 0.15)))
    )
    (fp_text value USB_OTG (at -1 3.2) (layer F.Fab)
      (effects (font (size 1 1) (thickness 0.15)))
    )
    (fp_line (start -3.7 0) (end -3.7 -2.9) (layer F.CrtYd) (width 0.15))
    (fp_line (start -3.7 -2.9) (end 3.7 -2.9) (layer F.CrtYd) (width 0.15))
    (fp_line (start 3.7 -2.9) (end 3.7 1.9) (layer F.CrtYd) (width 0.15))
    (fp_line (start 3.7 1.9) (end -3.7 1.9) (layer F.CrtYd) (width 0.15))
    (fp_line (start -3.7 1.9) (end -3.7 0) (layer F.CrtYd) (width 0.15))
    (pad "" thru_hole circle (at -2 -2.15) (size 0.55 0.55) (drill 0.55) (layers *.Cu *.Mask))
    (pad 6 thru_hole oval (at -2.825 0) (size 1 2) (drill oval 0.45 1.55) (layers *.Cu *.Mask)
      (net 1 GND))
    (pad 6 thru_hole oval (at 2.825 0) (size 1 2) (drill oval 0.45 1.55) (layers *.Cu *.Mask)
      (net 1 GND))
    (pad 6 smd rect (at 0 0) (size 1.9 1.9) (layers F.Cu F.Paste F.Mask)
      (net 1 GND))
    (pad 1 smd rect (at -1.3 -2.675) (size 0.4 1.35) (layers F.Cu F.Paste F.Mask)
      (net 9 VBUS))
    (pad 2 smd rect (at -0.65 -2.675) (size 0.4 1.35) (layers F.Cu F.Paste F.Mask)
      (net 98 /D-))
    (pad 5 smd rect (at 1.3 -2.675) (size 0.4 1.35) (layers F.Cu F.Paste F.Mask)
      (net 1 GND))
    (pad 4 smd rect (at 0.65 -2.675) (size 0.4 1.35) (layers F.Cu F.Paste F.Mask)
      (net 13 "Net-(J4-Pad4)"))
    (pad 3 smd rect (at 0 -2.675) (size 0.4 1.35) (layers F.Cu F.Paste F.Mask)
      (net 97 /D+))
    (pad "" thru_hole circle (at 2 -2.15) (size 0.55 0.55) (drill 0.55) (layers *.Cu *.Mask))
    (model ${KISYS3DMOD}/Connector_USB.3dshapes/USB_Micro-B_Molex_47346-0001.wrl
      (offset (xyz 0 1.5 0))
      (scale (xyz 1 1 1))
      (rotate (xyz 0 0 0))
    )
  )

  (module LED_SMD:LED_0603_1608Metric (layer F.Cu) (tedit 5B301BBE) (tstamp 5C32B84A)
    (at 112.688 102.838 180)
    (descr "LED SMD 0603 (1608 Metric), square (rectangular) end terminal, IPC_7351 nominal, (Body size source: http://www.tortai-tech.com/upload/download/2011102023233369053.pdf), generated with kicad-footprint-generator")
    (tags diode)
    (path /5ADD4735)
    (attr smd)
    (fp_text reference D2 (at 2.452 -0.032 180) (layer F.SilkS)
      (effects (font (size 1 1) (thickness 0.15)))
    )
    (fp_text value orange (at 0 1.43 180) (layer F.Fab)
      (effects (font (size 1 1) (thickness 0.15)))
    )
    (fp_line (start 0.8 -0.4) (end -0.5 -0.4) (layer F.Fab) (width 0.1))
    (fp_line (start -0.5 -0.4) (end -0.8 -0.1) (layer F.Fab) (width 0.1))
    (fp_line (start -0.8 -0.1) (end -0.8 0.4) (layer F.Fab) (width 0.1))
    (fp_line (start -0.8 0.4) (end 0.8 0.4) (layer F.Fab) (width 0.1))
    (fp_line (start 0.8 0.4) (end 0.8 -0.4) (layer F.Fab) (width 0.1))
    (fp_line (start 0.8 -0.735) (end -1.485 -0.735) (layer F.SilkS) (width 0.12))
    (fp_line (start -1.485 -0.735) (end -1.485 0.735) (layer F.SilkS) (width 0.12))
    (fp_line (start -1.485 0.735) (end 0.8 0.735) (layer F.SilkS) (width 0.12))
    (fp_line (start -1.48 0.73) (end -1.48 -0.73) (layer F.CrtYd) (width 0.05))
    (fp_line (start -1.48 -0.73) (end 1.48 -0.73) (layer F.CrtYd) (width 0.05))
    (fp_line (start 1.48 -0.73) (end 1.48 0.73) (layer F.CrtYd) (width 0.05))
    (fp_line (start 1.48 0.73) (end -1.48 0.73) (layer F.CrtYd) (width 0.05))
    (fp_text user %R (at 0 0 180) (layer F.Fab)
      (effects (font (size 0.4 0.4) (thickness 0.06)))
    )
    (pad 1 smd roundrect (at -0.7875 0 180) (size 0.875 0.95) (layers F.Cu F.Paste F.Mask) (roundrect_rratio 0.25)
      (net 10 "Net-(D2-Pad1)"))
    (pad 2 smd roundrect (at 0.7875 0 180) (size 0.875 0.95) (layers F.Cu F.Paste F.Mask) (roundrect_rratio 0.25)
      (net 9 VBUS))
    (model ${KISYS3DMOD}/LED_SMD.3dshapes/LED_0603_1608Metric.wrl
      (at (xyz 0 0 0))
      (scale (xyz 1 1 1))
      (rotate (xyz 0 0 0))
    )
  )

  (module spectre:TFT-2.4-IlI9341-18pin locked (layer B.Cu) (tedit 5ADFB26B) (tstamp 5ADFBE4C)
    (at 179.948 91.628 270)
    (path /5ADDDFFA)
    (fp_text reference J2 (at -18 2 270) (layer B.SilkS)
      (effects (font (size 1 1) (thickness 0.15)) (justify mirror))
    )
    (fp_text value LCD_TS (at 12 2 270) (layer B.Fab)
      (effects (font (size 1 1) (thickness 0.15)) (justify mirror))
    )
    (fp_text user 18 (at 9 18 180) (layer B.SilkS)
      (effects (font (size 1 1) (thickness 0.15)) (justify mirror))
    )
    (fp_text user 1 (at -7.31 18 180) (layer B.SilkS)
      (effects (font (size 1 1) (thickness 0.15)) (justify mirror))
    )
    (fp_line (start -18.36 8.27) (end -18.36 57.23) (layer B.SilkS) (width 0.15))
    (fp_line (start 18.36 8.27) (end -18.36 8.27) (layer B.SilkS) (width 0.15))
    (fp_line (start 18.36 57.23) (end 18.36 8.27) (layer B.SilkS) (width 0.15))
    (fp_line (start -18.36 57.23) (end 18.36 57.23) (layer B.SilkS) (width 0.15))
    (fp_line (start 21.36 0) (end 21.36 60.26) (layer B.SilkS) (width 0.15))
    (fp_line (start -21.36 0) (end 21.36 0) (layer B.SilkS) (width 0.15))
    (fp_line (start -21 60.26) (end 21.72 60.26) (layer B.SilkS) (width 0.15))
    (fp_line (start -21.36 0) (end -21.36 60.26) (layer B.SilkS) (width 0.15))
    (pad 1 smd rect (at -6.14 17.76 180) (size 4 0.4) (layers B.Cu B.Paste B.Mask)
      (net 1 GND))
    (pad 2 smd rect (at -5.34 17.76 180) (size 4 0.4) (layers B.Cu B.Paste B.Mask)
      (net 6 +3V3))
    (pad 3 smd rect (at -4.54 17.76 180) (size 4 0.4) (layers B.Cu B.Paste B.Mask)
      (net 43 /SCK))
    (pad 4 smd rect (at -3.74 17.76 180) (size 4 0.4) (layers B.Cu B.Paste B.Mask)
      (net 58 /LCD_CMD))
    (pad 5 smd rect (at -2.94 17.76 180) (size 4 0.4) (layers B.Cu B.Paste B.Mask)
      (net 59 /CS_LCD))
    (pad 6 smd rect (at -2.14 17.76 180) (size 4 0.4) (layers B.Cu B.Paste B.Mask)
      (net 42 /MOSI))
    (pad 7 smd rect (at -1.34 17.76 180) (size 4 0.4) (layers B.Cu B.Paste B.Mask)
      (net 15 /MISO))
    (pad 8 smd rect (at -0.54 17.76 180) (size 4 0.4) (layers B.Cu B.Paste B.Mask)
      (net 1 GND))
    (pad 9 smd rect (at 0.26 17.76 180) (size 4 0.4) (layers B.Cu B.Paste B.Mask)
      (net 6 +3V3))
    (pad 10 smd rect (at 1.06 17.76 180) (size 4 0.4) (layers B.Cu B.Paste B.Mask)
      (net 39 "Net-(J2-Pad10)"))
    (pad 11 smd rect (at 1.86 17.76 180) (size 4 0.4) (layers B.Cu B.Paste B.Mask)
      (net 1 GND))
    (pad 12 smd rect (at 2.66 17.76 180) (size 4 0.4) (layers B.Cu B.Paste B.Mask)
      (net 1 GND))
    (pad 13 smd rect (at 3.46 17.76 180) (size 4 0.4) (layers B.Cu B.Paste B.Mask)
      (net 1 GND))
    (pad 14 smd rect (at 4.26 17.76 180) (size 4 0.4) (layers B.Cu B.Paste B.Mask)
      (net 1 GND))
    (pad 15 smd rect (at 5.06 17.76 180) (size 4 0.4) (layers B.Cu B.Paste B.Mask)
      (net 91 /TS_X+))
    (pad 16 smd rect (at 5.86 17.76 180) (size 4 0.4) (layers B.Cu B.Paste B.Mask)
      (net 94 /TS_Y-))
    (pad 17 smd rect (at 6.66 17.76 180) (size 4 0.4) (layers B.Cu B.Paste B.Mask)
      (net 93 /TS_X-))
    (pad 18 smd rect (at 7.46 17.76 180) (size 4 0.4) (layers B.Cu B.Paste B.Mask)
      (net 92 /TS_Y+))
    (model /home/spectre/dev/elec/kicad_projects/kicadlibs/kicad_lib_spectre/3d/ili9341_2.wrl
      (offset (xyz 22 0 0))
      (scale (xyz 0.345 0.345 0.25))
      (rotate (xyz 0 0 -90))
    )
  )

  (module Capacitor_SMD:C_0603_1608Metric (layer F.Cu) (tedit 5B301BBE) (tstamp 5C37CD8E)
    (at 127.254 101.6)
    (descr "Capacitor SMD 0603 (1608 Metric), square (rectangular) end terminal, IPC_7351 nominal, (Body size source: http://www.tortai-tech.com/upload/download/2011102023233369053.pdf), generated with kicad-footprint-generator")
    (tags capacitor)
    (path /5ADD7AE3)
    (attr smd)
    (fp_text reference C14 (at 0 1.524) (layer F.SilkS)
      (effects (font (size 1 1) (thickness 0.15)))
    )
    (fp_text value 10uF (at 0 1.43) (layer F.Fab)
      (effects (font (size 1 1) (thickness 0.15)))
    )
    (fp_line (start -0.8 0.4) (end -0.8 -0.4) (layer F.Fab) (width 0.1))
    (fp_line (start -0.8 -0.4) (end 0.8 -0.4) (layer F.Fab) (width 0.1))
    (fp_line (start 0.8 -0.4) (end 0.8 0.4) (layer F.Fab) (width 0.1))
    (fp_line (start 0.8 0.4) (end -0.8 0.4) (layer F.Fab) (width 0.1))
    (fp_line (start -0.162779 -0.51) (end 0.162779 -0.51) (layer F.SilkS) (width 0.12))
    (fp_line (start -0.162779 0.51) (end 0.162779 0.51) (layer F.SilkS) (width 0.12))
    (fp_line (start -1.48 0.73) (end -1.48 -0.73) (layer F.CrtYd) (width 0.05))
    (fp_line (start -1.48 -0.73) (end 1.48 -0.73) (layer F.CrtYd) (width 0.05))
    (fp_line (start 1.48 -0.73) (end 1.48 0.73) (layer F.CrtYd) (width 0.05))
    (fp_line (start 1.48 0.73) (end -1.48 0.73) (layer F.CrtYd) (width 0.05))
    (fp_text user %R (at 0 0) (layer F.Fab)
      (effects (font (size 0.4 0.4) (thickness 0.06)))
    )
    (pad 1 smd roundrect (at -0.7875 0) (size 0.875 0.95) (layers F.Cu F.Paste F.Mask) (roundrect_rratio 0.25)
      (net 6 +3V3))
    (pad 2 smd roundrect (at 0.7875 0) (size 0.875 0.95) (layers F.Cu F.Paste F.Mask) (roundrect_rratio 0.25)
      (net 1 GND))
    (model ${KISYS3DMOD}/Capacitor_SMD.3dshapes/C_0603_1608Metric.wrl
      (at (xyz 0 0 0))
      (scale (xyz 1 1 1))
      (rotate (xyz 0 0 0))
    )
  )

  (module Capacitor_SMD:C_0603_1608Metric (layer F.Cu) (tedit 5B301BBE) (tstamp 5C37CDCE)
    (at 123.538 95.838 90)
    (descr "Capacitor SMD 0603 (1608 Metric), square (rectangular) end terminal, IPC_7351 nominal, (Body size source: http://www.tortai-tech.com/upload/download/2011102023233369053.pdf), generated with kicad-footprint-generator")
    (tags capacitor)
    (path /5ADD72A9)
    (attr smd)
    (fp_text reference C4 (at 2.366 -0.0305 90) (layer F.SilkS)
      (effects (font (size 1 1) (thickness 0.15)))
    )
    (fp_text value 10uF (at 0 1.43 90) (layer F.Fab)
      (effects (font (size 1 1) (thickness 0.15)))
    )
    (fp_line (start -0.8 0.4) (end -0.8 -0.4) (layer F.Fab) (width 0.1))
    (fp_line (start -0.8 -0.4) (end 0.8 -0.4) (layer F.Fab) (width 0.1))
    (fp_line (start 0.8 -0.4) (end 0.8 0.4) (layer F.Fab) (width 0.1))
    (fp_line (start 0.8 0.4) (end -0.8 0.4) (layer F.Fab) (width 0.1))
    (fp_line (start -0.162779 -0.51) (end 0.162779 -0.51) (layer F.SilkS) (width 0.12))
    (fp_line (start -0.162779 0.51) (end 0.162779 0.51) (layer F.SilkS) (width 0.12))
    (fp_line (start -1.48 0.73) (end -1.48 -0.73) (layer F.CrtYd) (width 0.05))
    (fp_line (start -1.48 -0.73) (end 1.48 -0.73) (layer F.CrtYd) (width 0.05))
    (fp_line (start 1.48 -0.73) (end 1.48 0.73) (layer F.CrtYd) (width 0.05))
    (fp_line (start 1.48 0.73) (end -1.48 0.73) (layer F.CrtYd) (width 0.05))
    (fp_text user %R (at 0 0 90) (layer F.Fab)
      (effects (font (size 0.4 0.4) (thickness 0.06)))
    )
    (pad 1 smd roundrect (at -0.7875 0 90) (size 0.875 0.95) (layers F.Cu F.Paste F.Mask) (roundrect_rratio 0.25)
      (net 6 +3V3))
    (pad 2 smd roundrect (at 0.7875 0 90) (size 0.875 0.95) (layers F.Cu F.Paste F.Mask) (roundrect_rratio 0.25)
      (net 1 GND))
    (model ${KISYS3DMOD}/Capacitor_SMD.3dshapes/C_0603_1608Metric.wrl
      (at (xyz 0 0 0))
      (scale (xyz 1 1 1))
      (rotate (xyz 0 0 0))
    )
  )

  (module Capacitor_SMD:C_0603_1608Metric (layer F.Cu) (tedit 5B301BBE) (tstamp 5C37CDBE)
    (at 174.498 105.918)
    (descr "Capacitor SMD 0603 (1608 Metric), square (rectangular) end terminal, IPC_7351 nominal, (Body size source: http://www.tortai-tech.com/upload/download/2011102023233369053.pdf), generated with kicad-footprint-generator")
    (tags capacitor)
    (path /5AE34DD2)
    (attr smd)
    (fp_text reference C17 (at 2.794 0.127) (layer F.SilkS)
      (effects (font (size 1 1) (thickness 0.15)))
    )
    (fp_text value 10uF (at 0.127 1.5875) (layer F.Fab)
      (effects (font (size 1 1) (thickness 0.15)))
    )
    (fp_text user %R (at 0 0) (layer F.Fab)
      (effects (font (size 0.4 0.4) (thickness 0.06)))
    )
    (fp_line (start 1.48 0.73) (end -1.48 0.73) (layer F.CrtYd) (width 0.05))
    (fp_line (start 1.48 -0.73) (end 1.48 0.73) (layer F.CrtYd) (width 0.05))
    (fp_line (start -1.48 -0.73) (end 1.48 -0.73) (layer F.CrtYd) (width 0.05))
    (fp_line (start -1.48 0.73) (end -1.48 -0.73) (layer F.CrtYd) (width 0.05))
    (fp_line (start -0.162779 0.51) (end 0.162779 0.51) (layer F.SilkS) (width 0.12))
    (fp_line (start -0.162779 -0.51) (end 0.162779 -0.51) (layer F.SilkS) (width 0.12))
    (fp_line (start 0.8 0.4) (end -0.8 0.4) (layer F.Fab) (width 0.1))
    (fp_line (start 0.8 -0.4) (end 0.8 0.4) (layer F.Fab) (width 0.1))
    (fp_line (start -0.8 -0.4) (end 0.8 -0.4) (layer F.Fab) (width 0.1))
    (fp_line (start -0.8 0.4) (end -0.8 -0.4) (layer F.Fab) (width 0.1))
    (pad 2 smd roundrect (at 0.7875 0) (size 0.875 0.95) (layers F.Cu F.Paste F.Mask) (roundrect_rratio 0.25)
      (net 1 GND))
    (pad 1 smd roundrect (at -0.7875 0) (size 0.875 0.95) (layers F.Cu F.Paste F.Mask) (roundrect_rratio 0.25)
      (net 6 +3V3))
    (model ${KISYS3DMOD}/Capacitor_SMD.3dshapes/C_0603_1608Metric.wrl
      (at (xyz 0 0 0))
      (scale (xyz 1 1 1))
      (rotate (xyz 0 0 0))
    )
  )

  (module Capacitor_SMD:C_0603_1608Metric (layer F.Cu) (tedit 5B301BBE) (tstamp 5C37CDAE)
    (at 174.498 103.632)
    (descr "Capacitor SMD 0603 (1608 Metric), square (rectangular) end terminal, IPC_7351 nominal, (Body size source: http://www.tortai-tech.com/upload/download/2011102023233369053.pdf), generated with kicad-footprint-generator")
    (tags capacitor)
    (path /5AE34DD8)
    (attr smd)
    (fp_text reference C16 (at 2.7305 0) (layer F.SilkS)
      (effects (font (size 1 1) (thickness 0.15)))
    )
    (fp_text value 100nF (at -2.921 -1.3335) (layer F.Fab)
      (effects (font (size 1 1) (thickness 0.15)))
    )
    (fp_line (start -0.8 0.4) (end -0.8 -0.4) (layer F.Fab) (width 0.1))
    (fp_line (start -0.8 -0.4) (end 0.8 -0.4) (layer F.Fab) (width 0.1))
    (fp_line (start 0.8 -0.4) (end 0.8 0.4) (layer F.Fab) (width 0.1))
    (fp_line (start 0.8 0.4) (end -0.8 0.4) (layer F.Fab) (width 0.1))
    (fp_line (start -0.162779 -0.51) (end 0.162779 -0.51) (layer F.SilkS) (width 0.12))
    (fp_line (start -0.162779 0.51) (end 0.162779 0.51) (layer F.SilkS) (width 0.12))
    (fp_line (start -1.48 0.73) (end -1.48 -0.73) (layer F.CrtYd) (width 0.05))
    (fp_line (start -1.48 -0.73) (end 1.48 -0.73) (layer F.CrtYd) (width 0.05))
    (fp_line (start 1.48 -0.73) (end 1.48 0.73) (layer F.CrtYd) (width 0.05))
    (fp_line (start 1.48 0.73) (end -1.48 0.73) (layer F.CrtYd) (width 0.05))
    (fp_text user %R (at 0 0) (layer F.Fab)
      (effects (font (size 0.4 0.4) (thickness 0.06)))
    )
    (pad 1 smd roundrect (at -0.7875 0) (size 0.875 0.95) (layers F.Cu F.Paste F.Mask) (roundrect_rratio 0.25)
      (net 6 +3V3))
    (pad 2 smd roundrect (at 0.7875 0) (size 0.875 0.95) (layers F.Cu F.Paste F.Mask) (roundrect_rratio 0.25)
      (net 1 GND))
    (model ${KISYS3DMOD}/Capacitor_SMD.3dshapes/C_0603_1608Metric.wrl
      (at (xyz 0 0 0))
      (scale (xyz 1 1 1))
      (rotate (xyz 0 0 0))
    )
  )

  (module Capacitor_SMD:C_0603_1608Metric (layer F.Cu) (tedit 5B301BBE) (tstamp 5C37CD9E)
    (at 138.938 102.616)
    (descr "Capacitor SMD 0603 (1608 Metric), square (rectangular) end terminal, IPC_7351 nominal, (Body size source: http://www.tortai-tech.com/upload/download/2011102023233369053.pdf), generated with kicad-footprint-generator")
    (tags capacitor)
    (path /5AE2DACD)
    (attr smd)
    (fp_text reference C15 (at -2.794 0.127) (layer F.SilkS)
      (effects (font (size 1 1) (thickness 0.15)))
    )
    (fp_text value 1uF (at 0 1.43) (layer F.Fab)
      (effects (font (size 1 1) (thickness 0.15)))
    )
    (fp_text user %R (at 0 0) (layer F.Fab)
      (effects (font (size 0.4 0.4) (thickness 0.06)))
    )
    (fp_line (start 1.48 0.73) (end -1.48 0.73) (layer F.CrtYd) (width 0.05))
    (fp_line (start 1.48 -0.73) (end 1.48 0.73) (layer F.CrtYd) (width 0.05))
    (fp_line (start -1.48 -0.73) (end 1.48 -0.73) (layer F.CrtYd) (width 0.05))
    (fp_line (start -1.48 0.73) (end -1.48 -0.73) (layer F.CrtYd) (width 0.05))
    (fp_line (start -0.162779 0.51) (end 0.162779 0.51) (layer F.SilkS) (width 0.12))
    (fp_line (start -0.162779 -0.51) (end 0.162779 -0.51) (layer F.SilkS) (width 0.12))
    (fp_line (start 0.8 0.4) (end -0.8 0.4) (layer F.Fab) (width 0.1))
    (fp_line (start 0.8 -0.4) (end 0.8 0.4) (layer F.Fab) (width 0.1))
    (fp_line (start -0.8 -0.4) (end 0.8 -0.4) (layer F.Fab) (width 0.1))
    (fp_line (start -0.8 0.4) (end -0.8 -0.4) (layer F.Fab) (width 0.1))
    (pad 2 smd roundrect (at 0.7875 0) (size 0.875 0.95) (layers F.Cu F.Paste F.Mask) (roundrect_rratio 0.25)
      (net 1 GND))
    (pad 1 smd roundrect (at -0.7875 0) (size 0.875 0.95) (layers F.Cu F.Paste F.Mask) (roundrect_rratio 0.25)
      (net 35 /RESET))
    (model ${KISYS3DMOD}/Capacitor_SMD.3dshapes/C_0603_1608Metric.wrl
      (at (xyz 0 0 0))
      (scale (xyz 1 1 1))
      (rotate (xyz 0 0 0))
    )
  )

  (module Capacitor_SMD:C_0603_1608Metric (layer F.Cu) (tedit 5B301BBE) (tstamp 5C37CD7E)
    (at 119.188 95.838 90)
    (descr "Capacitor SMD 0603 (1608 Metric), square (rectangular) end terminal, IPC_7351 nominal, (Body size source: http://www.tortai-tech.com/upload/download/2011102023233369053.pdf), generated with kicad-footprint-generator")
    (tags capacitor)
    (path /5ADD70B6)
    (attr smd)
    (fp_text reference C2 (at 2.493 0.0015 90) (layer F.SilkS)
      (effects (font (size 1 1) (thickness 0.15)))
    )
    (fp_text value 10uF (at 0 1.43 90) (layer F.Fab)
      (effects (font (size 1 1) (thickness 0.15)))
    )
    (fp_text user %R (at 0 0 90) (layer F.Fab)
      (effects (font (size 0.4 0.4) (thickness 0.06)))
    )
    (fp_line (start 1.48 0.73) (end -1.48 0.73) (layer F.CrtYd) (width 0.05))
    (fp_line (start 1.48 -0.73) (end 1.48 0.73) (layer F.CrtYd) (width 0.05))
    (fp_line (start -1.48 -0.73) (end 1.48 -0.73) (layer F.CrtYd) (width 0.05))
    (fp_line (start -1.48 0.73) (end -1.48 -0.73) (layer F.CrtYd) (width 0.05))
    (fp_line (start -0.162779 0.51) (end 0.162779 0.51) (layer F.SilkS) (width 0.12))
    (fp_line (start -0.162779 -0.51) (end 0.162779 -0.51) (layer F.SilkS) (width 0.12))
    (fp_line (start 0.8 0.4) (end -0.8 0.4) (layer F.Fab) (width 0.1))
    (fp_line (start 0.8 -0.4) (end 0.8 0.4) (layer F.Fab) (width 0.1))
    (fp_line (start -0.8 -0.4) (end 0.8 -0.4) (layer F.Fab) (width 0.1))
    (fp_line (start -0.8 0.4) (end -0.8 -0.4) (layer F.Fab) (width 0.1))
    (pad 2 smd roundrect (at 0.7875 0 90) (size 0.875 0.95) (layers F.Cu F.Paste F.Mask) (roundrect_rratio 0.25)
      (net 1 GND))
    (pad 1 smd roundrect (at -0.7875 0 90) (size 0.875 0.95) (layers F.Cu F.Paste F.Mask) (roundrect_rratio 0.25)
      (net 6 +3V3))
    (model ${KISYS3DMOD}/Capacitor_SMD.3dshapes/C_0603_1608Metric.wrl
      (at (xyz 0 0 0))
      (scale (xyz 1 1 1))
      (rotate (xyz 0 0 0))
    )
  )

  (module Capacitor_SMD:C_0603_1608Metric (layer F.Cu) (tedit 5B301BBE) (tstamp 5C37CD6E)
    (at 121.438 95.838 90)
    (descr "Capacitor SMD 0603 (1608 Metric), square (rectangular) end terminal, IPC_7351 nominal, (Body size source: http://www.tortai-tech.com/upload/download/2011102023233369053.pdf), generated with kicad-footprint-generator")
    (tags capacitor)
    (path /5ADD713D)
    (attr smd)
    (fp_text reference C3 (at 2.366 0.0375 90) (layer F.SilkS)
      (effects (font (size 1 1) (thickness 0.15)))
    )
    (fp_text value 1uF (at 0 1.43 90) (layer F.Fab)
      (effects (font (size 1 1) (thickness 0.15)))
    )
    (fp_line (start -0.8 0.4) (end -0.8 -0.4) (layer F.Fab) (width 0.1))
    (fp_line (start -0.8 -0.4) (end 0.8 -0.4) (layer F.Fab) (width 0.1))
    (fp_line (start 0.8 -0.4) (end 0.8 0.4) (layer F.Fab) (width 0.1))
    (fp_line (start 0.8 0.4) (end -0.8 0.4) (layer F.Fab) (width 0.1))
    (fp_line (start -0.162779 -0.51) (end 0.162779 -0.51) (layer F.SilkS) (width 0.12))
    (fp_line (start -0.162779 0.51) (end 0.162779 0.51) (layer F.SilkS) (width 0.12))
    (fp_line (start -1.48 0.73) (end -1.48 -0.73) (layer F.CrtYd) (width 0.05))
    (fp_line (start -1.48 -0.73) (end 1.48 -0.73) (layer F.CrtYd) (width 0.05))
    (fp_line (start 1.48 -0.73) (end 1.48 0.73) (layer F.CrtYd) (width 0.05))
    (fp_line (start 1.48 0.73) (end -1.48 0.73) (layer F.CrtYd) (width 0.05))
    (fp_text user %R (at 0 0 90) (layer F.Fab)
      (effects (font (size 0.4 0.4) (thickness 0.06)))
    )
    (pad 1 smd roundrect (at -0.7875 0 90) (size 0.875 0.95) (layers F.Cu F.Paste F.Mask) (roundrect_rratio 0.25)
      (net 6 +3V3))
    (pad 2 smd roundrect (at 0.7875 0 90) (size 0.875 0.95) (layers F.Cu F.Paste F.Mask) (roundrect_rratio 0.25)
      (net 1 GND))
    (model ${KISYS3DMOD}/Capacitor_SMD.3dshapes/C_0603_1608Metric.wrl
      (at (xyz 0 0 0))
      (scale (xyz 1 1 1))
      (rotate (xyz 0 0 0))
    )
  )

  (module Capacitor_SMD:C_0603_1608Metric (layer F.Cu) (tedit 5B301BBE) (tstamp 5C37CD5E)
    (at 168.138 111.238)
    (descr "Capacitor SMD 0603 (1608 Metric), square (rectangular) end terminal, IPC_7351 nominal, (Body size source: http://www.tortai-tech.com/upload/download/2011102023233369053.pdf), generated with kicad-footprint-generator")
    (tags capacitor)
    (path /5ADDA7D6)
    (attr smd)
    (fp_text reference C13 (at 0 1.665) (layer F.SilkS)
      (effects (font (size 1 1) (thickness 0.15)))
    )
    (fp_text value 100nF (at 0 1.43) (layer F.Fab)
      (effects (font (size 1 1) (thickness 0.15)))
    )
    (fp_text user %R (at 0 0) (layer F.Fab)
      (effects (font (size 0.4 0.4) (thickness 0.06)))
    )
    (fp_line (start 1.48 0.73) (end -1.48 0.73) (layer F.CrtYd) (width 0.05))
    (fp_line (start 1.48 -0.73) (end 1.48 0.73) (layer F.CrtYd) (width 0.05))
    (fp_line (start -1.48 -0.73) (end 1.48 -0.73) (layer F.CrtYd) (width 0.05))
    (fp_line (start -1.48 0.73) (end -1.48 -0.73) (layer F.CrtYd) (width 0.05))
    (fp_line (start -0.162779 0.51) (end 0.162779 0.51) (layer F.SilkS) (width 0.12))
    (fp_line (start -0.162779 -0.51) (end 0.162779 -0.51) (layer F.SilkS) (width 0.12))
    (fp_line (start 0.8 0.4) (end -0.8 0.4) (layer F.Fab) (width 0.1))
    (fp_line (start 0.8 -0.4) (end 0.8 0.4) (layer F.Fab) (width 0.1))
    (fp_line (start -0.8 -0.4) (end 0.8 -0.4) (layer F.Fab) (width 0.1))
    (fp_line (start -0.8 0.4) (end -0.8 -0.4) (layer F.Fab) (width 0.1))
    (pad 2 smd roundrect (at 0.7875 0) (size 0.875 0.95) (layers F.Cu F.Paste F.Mask) (roundrect_rratio 0.25)
      (net 1 GND))
    (pad 1 smd roundrect (at -0.7875 0) (size 0.875 0.95) (layers F.Cu F.Paste F.Mask) (roundrect_rratio 0.25)
      (net 6 +3V3))
    (model ${KISYS3DMOD}/Capacitor_SMD.3dshapes/C_0603_1608Metric.wrl
      (at (xyz 0 0 0))
      (scale (xyz 1 1 1))
      (rotate (xyz 0 0 0))
    )
  )

  (module Capacitor_SMD:C_0603_1608Metric (layer F.Cu) (tedit 5B301BBE) (tstamp 5C37CD4E)
    (at 116.188 105.088 180)
    (descr "Capacitor SMD 0603 (1608 Metric), square (rectangular) end terminal, IPC_7351 nominal, (Body size source: http://www.tortai-tech.com/upload/download/2011102023233369053.pdf), generated with kicad-footprint-generator")
    (tags capacitor)
    (path /5ADD5272)
    (attr smd)
    (fp_text reference C5 (at 0.491 -1.465 180) (layer F.SilkS)
      (effects (font (size 1 1) (thickness 0.15)))
    )
    (fp_text value 10uF (at 0 1.43 180) (layer F.Fab)
      (effects (font (size 1 1) (thickness 0.15)))
    )
    (fp_line (start -0.8 0.4) (end -0.8 -0.4) (layer F.Fab) (width 0.1))
    (fp_line (start -0.8 -0.4) (end 0.8 -0.4) (layer F.Fab) (width 0.1))
    (fp_line (start 0.8 -0.4) (end 0.8 0.4) (layer F.Fab) (width 0.1))
    (fp_line (start 0.8 0.4) (end -0.8 0.4) (layer F.Fab) (width 0.1))
    (fp_line (start -0.162779 -0.51) (end 0.162779 -0.51) (layer F.SilkS) (width 0.12))
    (fp_line (start -0.162779 0.51) (end 0.162779 0.51) (layer F.SilkS) (width 0.12))
    (fp_line (start -1.48 0.73) (end -1.48 -0.73) (layer F.CrtYd) (width 0.05))
    (fp_line (start -1.48 -0.73) (end 1.48 -0.73) (layer F.CrtYd) (width 0.05))
    (fp_line (start 1.48 -0.73) (end 1.48 0.73) (layer F.CrtYd) (width 0.05))
    (fp_line (start 1.48 0.73) (end -1.48 0.73) (layer F.CrtYd) (width 0.05))
    (fp_text user %R (at 0 0 180) (layer F.Fab)
      (effects (font (size 0.4 0.4) (thickness 0.06)))
    )
    (pad 1 smd roundrect (at -0.7875 0 180) (size 0.875 0.95) (layers F.Cu F.Paste F.Mask) (roundrect_rratio 0.25)
      (net 2 VBAT))
    (pad 2 smd roundrect (at 0.7875 0 180) (size 0.875 0.95) (layers F.Cu F.Paste F.Mask) (roundrect_rratio 0.25)
      (net 1 GND))
    (model ${KISYS3DMOD}/Capacitor_SMD.3dshapes/C_0603_1608Metric.wrl
      (at (xyz 0 0 0))
      (scale (xyz 1 1 1))
      (rotate (xyz 0 0 0))
    )
  )

  (module Capacitor_SMD:C_0603_1608Metric (layer B.Cu) (tedit 5B301BBE) (tstamp 5C37CD3E)
    (at 141.688 56.588 90)
    (descr "Capacitor SMD 0603 (1608 Metric), square (rectangular) end terminal, IPC_7351 nominal, (Body size source: http://www.tortai-tech.com/upload/download/2011102023233369053.pdf), generated with kicad-footprint-generator")
    (tags capacitor)
    (path /5A07AB11)
    (attr smd)
    (fp_text reference C6 (at 0 1.43 90) (layer B.SilkS)
      (effects (font (size 1 1) (thickness 0.15)) (justify mirror))
    )
    (fp_text value 1uF (at 0 -1.43 90) (layer B.Fab)
      (effects (font (size 1 1) (thickness 0.15)) (justify mirror))
    )
    (fp_text user %R (at 0 0 90) (layer B.Fab)
      (effects (font (size 0.4 0.4) (thickness 0.06)) (justify mirror))
    )
    (fp_line (start 1.48 -0.73) (end -1.48 -0.73) (layer B.CrtYd) (width 0.05))
    (fp_line (start 1.48 0.73) (end 1.48 -0.73) (layer B.CrtYd) (width 0.05))
    (fp_line (start -1.48 0.73) (end 1.48 0.73) (layer B.CrtYd) (width 0.05))
    (fp_line (start -1.48 -0.73) (end -1.48 0.73) (layer B.CrtYd) (width 0.05))
    (fp_line (start -0.162779 -0.51) (end 0.162779 -0.51) (layer B.SilkS) (width 0.12))
    (fp_line (start -0.162779 0.51) (end 0.162779 0.51) (layer B.SilkS) (width 0.12))
    (fp_line (start 0.8 -0.4) (end -0.8 -0.4) (layer B.Fab) (width 0.1))
    (fp_line (start 0.8 0.4) (end 0.8 -0.4) (layer B.Fab) (width 0.1))
    (fp_line (start -0.8 0.4) (end 0.8 0.4) (layer B.Fab) (width 0.1))
    (fp_line (start -0.8 -0.4) (end -0.8 0.4) (layer B.Fab) (width 0.1))
    (pad 2 smd roundrect (at 0.7875 0 90) (size 0.875 0.95) (layers B.Cu B.Paste B.Mask) (roundrect_rratio 0.25)
      (net 1 GND))
    (pad 1 smd roundrect (at -0.7875 0 90) (size 0.875 0.95) (layers B.Cu B.Paste B.Mask) (roundrect_rratio 0.25)
      (net 6 +3V3))
    (model ${KISYS3DMOD}/Capacitor_SMD.3dshapes/C_0603_1608Metric.wrl
      (at (xyz 0 0 0))
      (scale (xyz 1 1 1))
      (rotate (xyz 0 0 0))
    )
  )

  (module Capacitor_SMD:C_0603_1608Metric (layer F.Cu) (tedit 5B301BBE) (tstamp 5C37CD2E)
    (at 127.688 79.088 180)
